9
22
23
24
25
26
27
28
29
30
36
39
41
42
43
46
47
48
50
51
52
55
57
58
61
62
63
88
91
92
99
105
107
108
114
118
127
137
149
150
159
176
178
195
203
204
206
209
215
216
218
220
224
225
236
247
257
260
261
271
272
273
274
275
276
326
393
407
409
410
411
412
413
414
415
417
418
427
428
431
433
436
438
457
459
464
484
485
487
489
490
495
496
514
521
522
524
528
529
530
536
539
540
541
542
543
565
573
574
577
578
579
632
652
653
662
664
670
671
672
718
726
730
731
732
742
752
755
756
757
758
759
760
761
764
768
777
805
855
867
903
909
930
931
936
943
967
968
971
983
986
989
990
996
997
998
999
1000
1001
1002
1003
1004
1005
1006
1007
1008
1009
1010
1011
1012
1013
1014
1015
1016
1017
1018
1019
1020
1021
1022
1023
1024
1025
1026
1027
1028
1029
1030
1031
1032
1033
1034
1035
1036
1043
1044
1045
1046
1047
1048
1049
1050
1051
1052
1053
1054
1055
1056
1057
1058
1059
1060
1061
1062
1063
1064
1065
1066
1067
1068
1069
1070
1071
1072
1073
1074
1075
1076
1077
1078
1079
1080
1081
1082
1083
1084
1085
1086
1087
1088
1089
1090
1091
1092
1093
1094
1095
1096
1097
1098
1099
1100
1101
1102
1103
1104
1105
1106
1107
1108
1109
1110
1111
1112
1113
1114
1115
1116
1117
1118
1119
1120
1121
1122
1123
1124
1125
1126
1127
1128
1129
1130
1131
1132
1133
1134
1135
1136
1137
1138
1139
1140
1141
1142
1143
1144
1145
1146
1147
1148
1149
1150
1151
1156
1158
1161
1162
1163
1167
1168
1169
1170
1173
1181
1182
1184
1193
1195
1197
1200
1202
1203
1204
1209
1210
1211
1228
1230
1239
1240
1241
1257
1259
1260
1274
1279
1326
1328
1346
1348
1349
1350
1351
1352
1353
1354
1357
1358
1359
1360
1361
1362
1363
1364
1365
1366
1367
1376
1379
1385
1388
1390
1392
1416
1421
1423
1430
1431
1432
1433
1434
1435
1436
1437
1438
1439
1440
1441
1442
1443
1444
1445
1446
1447
1448
1449
1450
1451
1452
1453
1454
1459
1460
1461
1462
1463
1464
1468
1469
1470
1471
1472
1473
1474
1475
1476
1477
1478
1479
1480
1481
1482
1483
1484
1485
1486
1487
1488
1489
1492
1493
1494
1505
1506
1507
1508
1509
1510
1513
1514
1519
1528
1529
1530
1531
1532
1533
1540
1549
1561
1562
1575
1576
1577
1578
1579
1580
1581
1582
1588
1590
1596
1604
1605
1609
1612
1626
1627
1628
1629
1630
1635
1636
1642
1643
1644
1649
1650
1651
1652
1653
1654
1655
1656
1657
1658
1659
1660
1661
1662
1663
1664
1665
1666
1667
1668
1669
1670
1671
1672
1673
1674
1675
1676
1681
1682
1683
1684
1685
1686
1687
1688
1689
1690
1691
1697
1703
1704
1706
1710
1711
1712
1717
1718
1727
1741
1742
1743
1751
1752
1753
1754
1756
1757
1758
1759
1760
1761
1762
1763
1767
1768
1770
1772
1775
1776
1779
1791
1820
1822
1823
1824
1825
1826
1842
1849
1851
1852
1853
1854
1855
1856
1857
1858
1859
1860
1861
1863
1864
1868
1869
1870
1871
1872
1873
1874
1875
1876
1877
1878
1879
1918
1920
1921
1922
1924
1925
1929
1930
1931
1932
1933
1934
1935
1936
1937
2043
2044
2049
2051
2052
2053
2054
2055
2056
2057
2058
2059
2060
2061
2062
2073
2085
2086
2087
2090
2091
